# AMPL source code (machine generated)
param N := 21 ;
param s1 :=
 [0] 97 [1] 98 [2] 99 [3] 100 [4] 101 [5] 102 [6] 103 [7] 0
 [8] 0 [9] 0 [10] 0 [11] 0 [12] 0 [13] 0 [14] 0 [15] 0
 [16] 0 [17] 0 [18] 0 [19] 0 [20] 0;

param s2 :=
 [0] 48 [1] 49 [2] 57 [3] 50 [4] 56 [5] 97 [6] 54 [7] 55
 [8] 52 [9] 54 [10] 51 [11] 98 [12] 55 [13] 56 [14] 56 [15] 57
 [16] 56 [17] 100 [18] 99 [19] 0 [20] 0;

param s3 :=
 [0] 106 [1] 107 [2] 108 [3] 97 [4] 116 [5] 101 [6] 114 [7] 100
 [8] 103 [9] 102 [10] 104 [11] 98 [12] 109 [13] 122 [14] 110 [15] 120
 [16] 118 [17] 99 [18] 101 [19] 100 [20] 99;

